RMSE: 0.018486
MAE: 0.014772
