RMSE: 0.011727
MAE: 0.009303
