RMSE: 0.016209
MAE: 0.012898
